-91.468055 -6.734896 4.882744 -1.109911 
-91.459854 -6.604443 4.897566 -1.101022 
-91.449765 -6.063536 4.895654 -1.101096 
-91.439053 -5.468337 4.893455 -1.098770 
-91.447369 -4.846446 4.901907 -1.100460 
-91.427229 -4.222851 4.910456 -1.099744 
-91.423470 -3.590750 4.906226 -1.096750 
-91.433352 -2.937906 4.911047 -1.095684 
-91.421801 -2.242305 4.911035 -1.091385 
-91.408037 -1.582344 4.913863 -1.090123 
-91.426495 -0.875385 4.897986 -1.092161 
-91.400753 -0.184129 4.886568 -1.090960 
-91.412425 0.489194 4.885107 -1.091863 
-91.406410 1.168608 4.900967 -1.093973 
-91.444887 1.855074 4.901268 -1.093739 
-91.463296 2.613872 4.856214 -1.092019 
-91.453973 3.302198 4.843450 -1.091627 
-91.439274 4.105162 4.817301 -1.090175 
-91.419252 4.709934 4.797560 -1.088390 
-91.413313 5.372438 4.820778 -1.089170 
-91.383740 6.073758 4.855013 -1.105807 
-91.376456 6.769221 4.890729 -1.110938 
-91.366880 7.481550 4.875109 -1.100001 
-91.376512 8.173069 4.863647 -1.083764 
-91.395583 8.866166 4.864636 -1.080444 
-91.407544 9.555529 4.859692 -1.080943 
-91.391017 10.252828 4.871178 -1.086104 
-91.370648 10.945151 4.880064 -1.112162 
-91.321024 11.641935 4.891242 -1.118022 
-91.323966 12.337262 4.872304 -1.120282 
-91.325969 13.051122 4.872440 -1.104192 
-91.333454 13.729899 4.875847 -1.092106 
-91.363007 14.418615 4.886947 -1.094419 
-91.359664 15.125125 4.895718 -1.095191 
-91.355745 15.829334 4.895863 -1.093519 
-91.349203 16.519371 4.888691 -1.092803 
-91.343335 17.172846 4.855278 -1.092393 
-91.335840 17.857587 4.832161 -1.084314 
-91.327173 18.610327 4.861821 -1.124930 
-91.304844 19.251520 4.862473 -1.131968 
-91.304326 19.941073 4.872792 -1.104982 
-91.331767 20.698845 4.891671 -1.095977 
-91.319786 21.400934 4.862959 -1.090535 
-91.324315 22.017546 4.850312 -1.093466 
-91.326270 22.781195 4.884769 -1.100064 
-91.310089 23.481219 4.877996 -1.108211 
-91.311625 24.182287 4.887577 -1.110027 
-91.300500 24.880990 4.868697 -1.112115 
-91.297854 25.511576 4.874506 -1.113316 
-91.285989 26.270945 4.906378 -1.096024 
-91.294037 26.936317 4.896105 -1.099502 
-91.281879 27.215783 4.887248 -1.100337 
-91.293236 27.234653 4.868185 -1.110931 
-91.297401 27.235869 4.869450 -1.110567 
-91.289603 27.234876 4.863647 -1.110585 
