-91.531329 -46.107267 4.696340 -1.033306 
-91.527277 -46.109486 4.696504 -1.033994 
-91.509867 -45.529113 4.720322 -1.019102 
-91.498387 -44.948589 4.738770 -1.035124 
-91.501953 -44.337194 4.713278 -1.040685 
-91.506916 -43.693311 4.735410 -1.044759 
-91.482585 -42.971290 4.691994 -1.044362 
-91.460879 -42.293717 4.669244 -1.044088 
-91.456795 -41.632145 4.651815 -1.043692 
-91.451441 -40.969524 4.675411 -1.042023 
-91.446275 -40.316276 4.705404 -1.031124 
-91.472375 -39.631571 4.732280 -1.007294 
-91.476504 -38.930939 4.749020 -1.015386 
-91.497784 -38.231383 4.763130 -1.000769 
-91.454604 -37.561132 4.765867 -1.036068 
-91.444224 -36.858894 4.759320 -1.034206 
-91.418203 -36.159797 4.782333 -1.030315 
-91.412976 -35.461551 4.755077 -1.028544 
-91.419026 -34.771751 4.753604 -1.026980 
-91.440344 -34.061199 4.732119 -1.019550 
-91.442660 -33.388003 4.764090 -1.018577 
-91.417007 -32.680420 4.766574 -1.015136 
-91.428274 -31.991029 4.771076 -1.014807 
-91.449748 -31.299534 4.766299 -1.015484 
-91.469255 -30.599222 4.759440 -1.016454 
-91.476040 -29.904011 4.755310 -1.014869 
-91.459359 -29.205878 4.761843 -1.028655 
-91.457084 -28.519935 4.780266 -1.024159 
-91.440229 -27.808453 4.772658 -1.053067 
-91.457341 -27.111717 4.765306 -1.021801 
-91.459223 -26.419039 4.768683 -1.013614 
-91.452561 -25.734100 4.770878 -1.007069 
-91.440305 -25.043727 4.776266 -1.033582 
-91.443859 -24.346666 4.798958 -1.075904 
-91.436611 -23.633839 4.787660 -1.048047 
-91.404851 -22.933531 4.795049 -1.035708 
-91.427836 -22.236885 4.773603 -1.038903 
-91.419307 -21.566740 4.775185 -1.037266 
-91.437442 -20.872675 4.765688 -1.039746 
-91.388085 -20.164572 4.772458 -1.032245 
-91.392713 -19.475780 4.782485 -1.032287 
-91.388096 -18.779265 4.790870 -1.032074 
-91.394792 -18.099804 4.799818 -1.033171 
-91.386437 -17.407986 4.814456 -1.033758 
-91.409134 -16.697007 4.804052 -1.054696 
-91.393242 -15.987875 4.781820 -1.056809 
-91.399819 -15.291809 4.779538 -1.057022 
-91.410392 -14.608812 4.759045 -1.056920 
-91.389468 -13.922119 4.789548 -1.055126 
-91.381198 -13.223085 4.804500 -1.054902 
-91.396291 -12.524340 4.843463 -1.051678 
-91.381903 -11.831383 4.870691 -1.029797 
-91.418410 -11.125421 4.871423 -1.022835 
-91.411876 -10.422550 4.831006 -1.023883 
-91.393746 -10.031023 4.813491 -1.020618 
-91.390148 -10.031793 4.818912 -1.023657 
-91.434319 -10.031802 4.813611 -1.030928 
