-0.328162 19.065769 4.169259 2.035804 
-0.336096 19.073519 4.160357 2.036052 
-0.332528 18.954481 4.171161 2.044036 
-0.323150 18.642291 4.176824 2.031220 
-0.309128 18.367264 4.190857 2.023583 
-0.309773 18.121222 4.199879 2.014550 
-0.322847 17.831097 4.200118 2.010255 
-0.364325 17.520019 4.183860 2.012505 
-0.365284 17.209236 4.190859 1.998542 
-0.0665069 16.4884 4.190859 1.998542
0.469764 15.9563 4.190859 1.998542
1.06633 15.5181 4.190859 1.998542
1.61251 15.059 4.190859 1.998542
2.03081 14.5147 4.190859 1.998542
2.28721 13.88 4.190859 1.998542
2.37849 13.1853 4.190859 1.998542
2.31308 12.4731 4.190859 1.998542
2.0966 11.7866 4.190859 1.998542
1.7282 11.1669 4.190859 1.998542
1.20852 10.6533 4.190859 1.998542
0.553364 10.2818 4.190859 1.998542 
-0.376233 9.290707 4.302264 1.995663 
-0.367131 8.793868 4.300643 2.000819 
-0.366959 8.270496 4.334631 2.011615 
-0.366495 7.769643 4.346324 1.994689 
-0.376018 7.267309 4.365724 1.997721 
-0.357187 6.744541 4.368926 1.991670 
-0.370314 6.225192 4.380093 1.981073 
-0.400015 5.758344 4.368800 1.966607 
-0.435058 5.280008 4.359719 1.960174 
-0.407590 4.808524 4.371476 1.970375 
-0.398955 4.369257 4.391995 1.968799 
-0.404052 4.220486 4.409965 1.960243 
-0.399991 4.213841 4.410439 1.968081 
-0.412376 4.217289 4.408480 1.970919 
-0.406308 4.220417 4.400204 1.964453 
-0.406543 4.219646 4.393094 1.965006 
