-0.236171 38.056779 3.993785 2.013750 
-0.220964 38.056872 3.993826 2.006850 
-0.231614 37.883504 4.000992 2.013153 
-0.223602 37.562175 3.995393 2.011748 
-0.226967 37.080964 3.994939 2.013822 
-0.229751 36.377075 4.001114 2.007181 
-0.255320 35.579169 4.003912 2.010538 
-0.239793 34.966448 4.026987 2.011527 
-0.234859 34.270255 4.035741 2.009737 
-0.277355 33.581730 4.051104 2.009703 
-0.287149 32.917214 4.038730 2.006564 
-0.309821 32.168555 4.031154 2.007767 
-0.284990 31.504761 4.056727 2.005017 
-0.244459 30.753718 4.073694 2.047796 
-0.239218 30.048149 4.081062 2.047930 
-0.244704 29.405136 4.099866 2.024393 
-0.266857 28.731515 4.094593 1.996974 
-0.271149 28.032301 4.106323 1.998822 
-0.272822 27.342411 4.129397 1.999741 
-0.308263 26.656630 4.128370 1.997108 
-0.285938 25.958426 4.140369 1.995396 
-0.304753 25.231686 4.160642 2.012270 
-0.283364 24.542053 4.162415 2.027442 
-0.278526 23.849520 4.181590 2.003400 
-0.300513 23.158313 4.185523 1.998273 
-0.296556 22.463387 4.198307 1.995050 
-0.295531 21.772895 4.193114 2.021936 
-0.299776 21.026871 4.202360 2.029625 
-0.296767 20.392323 4.215286 2.007679 
-0.286958 19.703285 4.209453 2.006407 
-0.297373 19.023684 4.217818 2.002867 
-0.304248 18.567720 4.200539 2.000412 
-0.296915 18.575800 4.201928 2.001128 
-0.287252 18.580485 4.204620 1.989711 
